      37.0
     112.0
     194.0
     288.0
     395.0
     520.0
     667.0
     843.0
    1062.0
    1331.0
    1664.0
    2055.0
    2505.0
    3000.0
    3500.0
    4000.0
    4500.0
    5000.0
    5500.0
    6000.0
    6500.0
    7000.0
    7500.0
    8000.0
    8500.0
    9000.0
    9500.0
   10000.0
   10500.0
   11000.0
   11500.0
   12000.0
   12500.0
   13000.0
   13500.0
   14000.0
   14500.0
   15000.0
   15500.0
   16000.0
   16500.0
   17000.0
   17500.0
   18000.0
   18500.0
   19000.0
   19500.0
   20000.0
   20500.0
   21000.0
   21500.0
   22000.0
   22500.0
   23000.0
   23500.0
   24000.0
   24500.0
   25000.0
   25500.0
   26000.0
   26500.0
   27000.0
   27500.0
   28000.0
   28500.0
   29000.0
   29500.0
   30000.0
   30500.0
   31000.0
   31500.0
   32000.0
   32500.0
   33000.0
